0.05000000000001137 0.10000000000000853 0.5500000000000114 0.0
-0.04999999999999716 2.75 0.05000000000001137 0.10000000000000853
-1.6999999999999886 2.8000000000000114 -0.04999999999999716 2.75
-2.049999999999997 -0.25 -1.6999999999999886 2.8000000000000114
-1.5499999999999972 -0.6999999999999886 -2.049999999999997 -0.25
-1.5499999999999972 -1.5999999999999943 -1.5499999999999972 -0.6999999999999886
-1.75 -3.0999999999999943 -1.5499999999999972 -1.5999999999999943
-0.44999999999998863 -3.25 -1.75 -3.0999999999999943
0.25 -2.8499999999999943 -0.44999999999998863 -3.25
1.25 -2.8499999999999943 0.25 -2.8499999999999943
0.9500000000000028 -8.549999999999997 1.25 -2.8499999999999943
1.3500000000000085 -9.099999999999994 0.9500000000000028 -8.549999999999997
1.9000000000000057 -8.5 1.3500000000000085 -9.099999999999994
1.9000000000000057 -4.8999999999999915 1.9000000000000057 -8.5
2.0 -3.0999999999999943 1.9000000000000057 -4.8999999999999915
2.25 -1.7999999999999972 2.0 -3.0999999999999943
1.0500000000000114 -1.8499999999999943 2.25 -1.7999999999999972
-0.75 -1.9499999999999886 1.0500000000000114 -1.8499999999999943
-0.8999999999999915 -1.0999999999999943 -0.75 -1.9499999999999886
-0.5 -0.6999999999999886 -0.8999999999999915 -1.0999999999999943
0.5 -0.6499999999999915 -0.5 -0.6999999999999886
0.7000000000000028 -0.09999999999999432 0.5 -0.6499999999999915
