-1.75 4.25 -0.5499999999999972 4.650000000000006
-0.1499999999999914 -0.1499999999999914 -1.75 4.25
0.3000000000000113 -0.8999999999999915 -0.1499999999999914 -0.1499999999999914
0.5 -1.2999999999999972 0.3000000000000113 -0.8999999999999915
-2.3999999999999915 -2.3499999999999943 0.5 -1.2999999999999972
-4.199999999999989 -1.5499999999999972 -2.3999999999999915 -2.3499999999999943
-5.75 -1.7999999999999972 -4.199999999999989 -1.5499999999999972
-3.1499999999999915 -7.349999999999994 -5.75 -1.7999999999999972
-3.549999999999997 -11.099999999999994 -3.1499999999999915 -7.349999999999994
-3.0999999999999943 -12.349999999999994 -3.549999999999997 -11.099999999999994
-1.2999999999999972 -11.549999999999995 -3.0999999999999943 -12.349999999999994
-1.8999999999999917 -10.149999999999991 -1.2999999999999972 -11.549999999999995
-1.1999999999999886 -9.799999999999995 -1.8999999999999917 -10.149999999999991
-0.2999999999999971 -11.349999999999994 -1.1999999999999886 -9.799999999999995
0.2000000000000028 -11.049999999999995 -0.2999999999999971 -11.349999999999994
0.1500000000000056 -10.449999999999989 0.2000000000000028 -11.049999999999995
1.7000000000000028 -9.75 0.1500000000000056 -10.449999999999989
1.4000000000000057 -9.25 1.7000000000000028 -9.75
-0.1999999999999886 -9.899999999999991 1.4000000000000057 -9.25
-1.25 -8.899999999999991 -0.1999999999999886 -9.899999999999991
0.0 -8.149999999999991 -1.25 -8.899999999999991
3.200000000000003 -7.449999999999989 0.0 -8.149999999999991
7.200000000000003 -5.599999999999994 3.200000000000003 -7.449999999999989
8.950000000000003 -4.849999999999994 7.200000000000003 -5.599999999999994
6.400000000000006 2.450000000000003 8.950000000000003 -4.849999999999994
4.900000000000006 2.0 6.400000000000006 2.450000000000003
3.950000000000003 0.25 4.900000000000006 2.0
1.3000000000000114 -0.6499999999999915 3.950000000000003 0.25
-0.5499999999999972 4.700000000000003 1.3000000000000114 -0.6499999999999915
-0.8499999999999943 -7.8999999999999915 -3.4499999999999886 -3.1999999999999886
7.950000000000003 -4.299999999999997 -0.8499999999999943 -7.8999999999999915
6.150000000000006 0.4000000000000057 7.950000000000003 -4.299999999999997
4.300000000000011 -0.3499999999999943 6.200000000000003 0.4000000000000057
-1.75 -3.049999999999997 4.300000000000011 -0.3499999999999943
-3.3999999999999915 -3.1999999999999886 -1.75 -3.049999999999997
