-3.0999999999999943 -2.25
1.0500000000000114 1.1000000000000085
-1.0999999999999943 3.9000000000000057
-3.3499999999999943 5.150000000000006
-9.099999999999994 1.2000000000000028
2.3500000000000085 9.0
4.5 6.25
5.900000000000006 7.75
4.800000000000011 9.200000000000003
6.900000000000006 3.450000000000003
7.950000000000003 5.0
6.950000000000003 6.200000000000003
8.75 0.9500000000000028
10.100000000000009 1.8500000000000085
9.050000000000011 3.1500000000000057
9.600000000000009 -0.19999999999998863
6.650000000000006 -1.5999999999999943
3.950000000000003 -3.6499999999999915
3.1000000000000085 -2.0999999999999943
3.0 -0.75
