-3.3499999999999943 -2.9499999999999886 1.2000000000000028 0.45000000000000284
-3.9499999999999886 -2.1999999999999886 -3.4499999999999886 -2.8499999999999943
0.3500000000000085 1.3000000000000114 -3.9499999999999886 -2.1999999999999886
-1.5 3.5 0.3500000000000085 1.3000000000000114
-2.9499999999999886 4.300000000000011 -1.5 3.5
-3.5999999999999943 4.400000000000006 -2.9499999999999886 4.300000000000011
-9.299999999999997 0.3500000000000085 -3.5999999999999943 4.400000000000006
-10.0 1.3000000000000114 -9.299999999999997 0.3500000000000085
2.4000000000000057 10.0 -10.0 1.3000000000000114
4.550000000000012 7.0 2.4000000000000057 10.0
5.3500000000000085 7.850000000000008 4.550000000000012 7.0
4.3500000000000085 9.25 5.3500000000000085 7.850000000000008
4.900000000000006 9.550000000000011 4.3500000000000085 9.25
5.6000000000000085 8.600000000000009 4.900000000000006 9.550000000000011
6.450000000000002 7.600000000000008 5.6000000000000085 8.600000000000009
5.450000000000002 6.75 6.450000000000002 7.600000000000008
6.0 4.8500000000000085 5.450000000000002 6.75
6.700000000000002 4.050000000000011 6.0 4.8500000000000085
7.550000000000012 5.0 6.700000000000002 4.050000000000011
6.550000000000012 6.25 7.550000000000012 5.0
6.950000000000002 6.550000000000012 6.550000000000012 6.25
8.550000000000011 4.900000000000006 6.950000000000002 6.550000000000012
7.700000000000002 3.950000000000003 8.550000000000011 4.900000000000006
7.950000000000002 2.25 7.700000000000002 3.950000000000003
8.900000000000006 1.3500000000000083 7.950000000000002 2.25
9.700000000000003 2.050000000000012 8.900000000000006 1.3500000000000083
8.600000000000009 3.25 9.700000000000003 2.050000000000012
9.050000000000011 3.5 8.600000000000009 3.25
10.0 2.300000000000012 9.050000000000011 3.5
10.450000000000003 1.6500000000000057 10.0 2.300000000000012
9.600000000000009 0.9500000000000028 10.450000000000003 1.6500000000000057
10.600000000000009 -0.44999999999998863 9.600000000000009 0.9500000000000028
6.650000000000006 -2.4499999999999886 10.600000000000009 -0.44999999999998863
3.550000000000012 -4.699999999999988 6.650000000000006 -2.4499999999999886
2.550000000000012 -3.549999999999997 3.550000000000012 -4.699999999999988
2.550000000000012 -1.1499999999999917 2.550000000000012 -3.549999999999997
1.2000000000000028 0.4000000000000057 2.550000000000012 -1.1499999999999917
7.900000000000006 1.0500000000000114 2.0 8.200000000000003
7.800000000000011 0.05000000000001137 7.900000000000006 1.0500000000000114
4.300000000000011 -2.799999999999997 7.800000000000011 0.05000000000001137
3.3500000000000085 -1.75 4.300000000000011 -2.799999999999997
3.5500000000000114 -0.5999999999999943 3.3500000000000085 -1.75
1.5 1.2000000000000028 3.5500000000000114 -0.5999999999999943
-0.5999999999999943 4.050000000000011 1.5 1.2000000000000028
-2.5 5.150000000000006 -0.5999999999999943 4.050000000000011
-1.5499999999999972 6.200000000000003 -2.5 5.150000000000006
2.1000000000000085 8.200000000000003 -1.5499999999999972 6.200000000000003
