0.30000000000001137 -0.5999999999999943 0.20000000000000284 2.950000000000003
-0.9499999999999886 -0.5999999999999943 0.30000000000001137 -0.5999999999999943
-0.8499999999999943 -2.149999999999997 -0.9499999999999886 -0.5999999999999943
1.4000000000000028 -2.1999999999999943 -0.8499999999999943 -2.149999999999997
1.3500000000000085 2.5 1.4000000000000028 -2.1999999999999943
2.200000000000003 2.5 1.3500000000000085 2.5
2.1500000000000057 -2.1999999999999886 2.200000000000003 2.5
1.8000000000000114 -2.1999999999999886 2.1500000000000057 -2.1999999999999886
1.8000000000000114 -8.699999999999989 1.8000000000000114 -2.1999999999999886
1.3500000000000085 -9.399999999999991 1.8000000000000114 -8.699999999999989
1.1500000000000057 -8.449999999999989 1.3500000000000085 -9.399999999999991
1.1500000000000057 -2.75 1.1500000000000057 -8.449999999999989
-1.6499999999999915 -0.5499999999999972 -1.75 -2.6499999999999915
-1.75 2.950000000000003 -1.6499999999999915 -0.5499999999999972
0.25 2.9000000000000057 -1.75 2.950000000000003
-1.75 -2.65 -0.4 -2.75
-0.4 -2.75 -0.4 -3.15
-0.4 -3.15 -0.3 -3.15
-0.3 -3.15 -0.3 -2.7
-0.3 -2.7 1.15 -2.75
