-0.2999999999999971 0.1000000000000085 -1.2999999999999972 -0.3999999999999915
-0.1499999999999914 -0.2999999999999971 -0.2999999999999971 0.1000000000000085
0.3500000000000085 -0.0999999999999943 -0.1499999999999914 -0.2999999999999971
0.1500000000000056 0.5 0.3500000000000085 -0.0999999999999943
6.150000000000006 3.1000000000000085 0.1500000000000056 0.5
5.3500000000000085 4.550000000000011 6.150000000000006 3.1000000000000085
1.1500000000000057 2.6500000000000057 5.400000000000006 4.5
-0.44999999999998863 6.800000000000011 1.1500000000000057 2.6500000000000057
4.450000000000003 9.100000000000009 -0.44999999999998863 6.800000000000011
3.950000000000003 9.900000000000006 4.450000000000003 9.100000000000009
-0.75 7.100000000000003 3.950000000000003 9.900000000000006
-3.3499999999999943 11.450000000000003 -0.75 7.100000000000003
1.8500000000000085 14.100000000000009 -3.3499999999999943 11.450000000000003
1.25 15.150000000000006 1.8500000000000085 14.100000000000009
-6.8999999999999915 10.950000000000003 1.25 15.150000000000006
-6.099999999999994 9.700000000000003 -6.8999999999999915 10.950000000000003
-4.1499999999999915 10.900000000000006 -6.099999999999994 9.700000000000003
-1.3499999999999943 6.6000000000000085 -4.1499999999999915 10.900000000000006
0.10000000000000853 2.200000000000003 -1.3499999999999943 6.6000000000000085
-1.7999999999999972 0.9000000000000057 0.10000000000000853 2.200000000000003
-1.25 -0.29999999999999716 -1.7999999999999972 0.9000000000000057
